224 10
836 100
81 5
809 50
786 25
63 5
478 25
330 10
511 15
450 25
521 25
150 50
671 5
971 5
439 10
536 50
253 5
425 15
638 50
841 10
324 10
125 50
937 15
898 5
461 50
295 10
683 10
331 25
187 15
873 100
303 50
119 5
589 100
742 15
81 25
47 100
521 50
617 15
228 5
891 15
107 10
59 25
526 100
461 15
426 100
389 25
114 5
866 5
592 50
452 100
210 5
607 15
628 100
500 25
815 25
358 25
832 50
667 5
708 5
568 5
536 15
775 100
280 25
227 5
461 100
462 25
3 100
410 10
67 5
872 5
589 25
488 50
601 50
393 5
148 15
75 50
742 10
177 25
875 15
121 50
38 50
445 100
87 50
730 15
552 10
790 10
653 100
586 15
400 100
994 15
110 100
84 25
92 25
81 5
35 15
549 25
871 15
595 5
453 5
140 25
463 25
344 10
344 10
310 50
915 5
105 15
549 5
929 50
452 5
14 15
620 15
445 10
523 50
642 25
418 25
682 50
467 5
985 15
517 50
148 25
474 5
869 25
701 100
967 5
757 50
494 100
109 100
786 10
128 25
116 10
843 25
286 25
390 5
99 50
69 15
153 50
225 5
829 15
920 50
620 10
506 5
230 5
761 50
945 25
208 50
857 25
602 50
441 25
339 15
830 15
718 25
922 5
572 25
65 10
774 15
672 100
507 50
572 100
13 100
300 100
724 50
782 50
292 10
110 50
74 25
160 100
33 100
828 5
864 50
581 100
384 5
808 15
878 15
213 10
136 10
90 10
392 25
892 100
203 50
904 100
631 5
230 25
713 10
502 10
324 5
943 100
13 10
417 25
290 50
136 5
136 25
522 25
238 5
538 10
532 10
496 15
193 15
916 50
111 15
564 5
234 25
166 15
909 10
626 100
469 5
818 10
911 15
124 10
413 50
936 100
850 5
291 15
213 100
656 100
18 25
606 50
376 15
854 50
393 15
598 50
938 15
676 10
649 15
358 5
247 5
923 10
818 15
350 25
786 5
523 5
686 50
419 50
708 5
584 50
206 10
80 15
17 10
771 50
487 15
468 5
561 15
978 10
149 10
550 15
268 50
552 5
110 10
480 10
303 5
549 100
92 100
190 15
71 25
755 10
411 50
594 5
227 5
476 5
830 15
12 15
153 10
315 100
555 10
681 10
535 5
439 15
644 50
465 25
2 5
75 5
409 10
125 15
978 5
209 50
584 10
763 25
194 10
743 50
335 5
309 50
510 25
584 25
393 50
154 25
3 10
418 10
876 10
305 25
465 15
143 50
584 100
660 50
770 50
207 10
839 100
279 10
752 25
340 10
149 25
763 5
549 100
417 50
267 50
92 100
569 5
432 50
425 50
555 50
515 100
837 10
813 15
617 25
139 5
727 5
593 5
845 50
649 5
596 50
0 100
260 5
960 100
681 10
333 15
717 50
187 25
104 25
885 100
187 50
84 100
314 25
115 5
50 50
340 100
575 5
609 10
760 10
906 15
462 100
636 25
498 50
787 15
636 25
346 15
678 100
975 15
362 5
908 5
415 25
433 50
514 10
147 50
325 10
332 25
69 15
477 10
255 50
938 100
304 25
176 10
830 5
854 50
206 10
306 50
909 10
515 15
822 15
841 10
325 50
132 15
539 100
781 50
517 15
501 10
538 10
323 100
920 15
356 50
897 50
378 100
225 15
191 10
97 100
993 50
875 50
727 5
909 10
469 15
404 10
449 5
908 10
232 100
490 5
889 25
88 25
767 10
827 15
583 100
334 15
137 15
191 50
874 10
732 100
926 100
298 5
991 15
947 10
625 10
332 100
74 5
171 10
778 50
244 25
78 50
373 25
436 25
197 5
726 100
836 10
717 100
759 15
940 25
224 15
524 100
715 25
424 10
666 100
726 50
610 50
323 15
598 10
343 25
379 100
142 25
342 5
551 25
694 15
341 15
675 15
535 50
871 10
284 15
858 5
519 5
461 50
475 5
886 50
499 5
895 25
247 10
922 25
497 50
780 10
335 100
172 100
372 50
722 5
10 10
686 50
503 25
780 25
695 25
813 5
887 5
930 10
240 15
313 5
452 10
129 5
290 10
353 100
640 10
865 15
410 15
876 10
555 100
288 25
896 25
96 5
238 15
300 50
454 50
83 25
855 5
208 100
166 50
693 25
857 10
803 10
422 15
337 10
417 15
991 5
743 25
301 5
681 5
314 50
668 25
636 100
652 15
7 5
140 25
834 15
740 5
425 100
52 5
791 10
293 50
969 50
894 15
788 100
648 50
873 25
663 50
485 50
513 25
461 10
479 100
155 25
726 10
737 100
560 15
663 10
687 100
427 10
503 25
913 10
27 10
835 50
34 15
755 15
300 100
116 50
660 15
601 100
754 15
845 15
891 5
222 50
495 100
983 25
964 100
477 25
568 5
613 5
249 15
951 25
777 10
49 5
744 5
756 50
295 100
186 15
361 50
965 10
345 10
214 50
910 5
430 100
529 100
38 50
956 25
972 50
583 15
36 15
994 15
171 15
626 100
11 100
594 50
253 10
188 15
452 50
455 10
816 100
589 100
462 25
548 100
369 15
443 100
973 100
754 10
935 5
360 25
113 15
702 5
206 25
138 50
824 100
700 5
977 5
993 10
115 100
968 10
859 50
634 15
545 25
566 100
504 50
228 5
811 100
723 5
833 5
566 15
549 25
472 10
2 100
960 25
712 15
770 50
92 5
702 15
139 25
541 50
774 50
101 50
179 15
306 10
424 10
436 50
480 15
323 100
424 5
336 5
309 25
428 50
657 50
429 50
23 15
987 100
408 5
274 15
532 50
642 50
186 5
899 25
899 50
781 50
178 15
494 50
411 15
899 25
350 100
47 10
756 100
273 15
408 5
988 10
154 50
651 15
131 100
135 10
563 5
843 10
794 25
492 25
326 10
426 50
685 50
704 5
863 25
960 100
944 10
216 10
278 15
417 15
214 15
440 15
992 5
722 15
848 50
472 15
771 5
603 25
656 25
180 5
749 25
166 10
427 25
687 100
321 50
873 10
721 100
569 100
20 25
847 50
667 10
318 100
734 5
684 15
750 25
854 100
872 10
191 10
834 5
162 100
364 50
732 10
907 10
328 25
585 10
108 25
274 15
554 50
571 25
140 50
209 100
918 15
159 10
388 50
286 100
967 50
884 25
675 15
881 15
413 5
771 50
352 25
590 25
501 25
374 10
471 50
546 50
843 5
680 50
287 100
868 15
769 25
734 15
785 50
747 50
499 25
107 100
134 25
887 15
680 25
566 5
263 15
303 10
97 15
557 100
965 50
710 50
607 100
374 25
230 5
991 50
587 25
108 25
710 100
482 5
463 100
765 25
500 50
67 5
108 5
146 15
669 5
307 5
163 15
357 15
201 100
116 50
587 25
70 15
285 50
694 25
980 10
890 50
124 25
731 5
482 15
444 100
689 25
99 100
300 10
54 10
92 15
533 25
166 15
111 5
513 25
39 10
269 15
512 100
843 10
9 25
466 15
765 100
477 5
292 100
833 5
640 100
938 10
698 15
834 10
471 15
240 50
682 25
680 50
467 100
188 50
195 10
669 15
657 10
23 50
937 15
562 25
325 10
97 50
498 25
286 50
49 5
503 5
139 5
530 5
708 25
829 10
179 15
22 50
71 100
474 25
250 5
546 5
833 50
189 10
891 100
994 15
201 50
778 15
224 25
5 5
413 5
129 5
708 50
997 15
781 15
7 5
195 5
636 100
135 15
274 5
792 15
47 15
785 50
474 25
253 5
313 15
343 50
957 15
898 25
72 15
49 5
953 25
300 50
249 25
432 50
292 100
210 100
242 50
450 50
686 10
488 100
90 25
446 100
746 50
1 25
448 15
549 50
165 100
739 5
400 100
383 100
746 10
639 5
423 10
186 10
183 100
846 15
47 5
713 25
800 15
411 50
12 15
534 15
645 5
656 50
976 15
590 25
635 15
692 10
76 15
113 25
664 10
840 25
881 5
287 5
860 5
933 50
556 25
254 5
412 25
738 25
270 10
326 10
642 10
992 50
166 10
527 15
250 25
788 10
425 15
819 100
908 5
291 100
242 25
624 5
625 15
41 100
755 100
519 25
564 15
307 10
229 5
196 15
233 50
254 100
48 50
72 15
229 25
893 50
315 25
148 25
957 100
65 100
112 100
983 10
999 25
937 15
713 15
899 15
71 5
756 5
314 50
781 5
720 25
844 100
75 25
83 25
215 15
83 5
512 15
899 15
284 15
357 5
568 50
224 10
638 15
712 10
883 15
755 15
448 100
208 50
84 25
857 15
212 10
711 100
142 10
546 10
671 100
99 15
91 10
611 15
718 5
642 10
662 15
239 15
465 50
520 10
640 25
745 15
893 15
733 25
982 100
283 50
771 100
892 50
9 25
645 25
756 50
618 25
213 15
515 15
859 50
549 100
489 25
779 100
700 25
181 5
836 50
781 10
233 25
49 100
826 15
602 10
851 10
963 100
401 15
761 100
71 25
313 50
792 25
925 50
201 50
659 10
610 25
503 50
678 50
105 50
413 15
240 15
5 50
200 25
303 5
160 15
453 10
338 5
338 15
496 15
957 100
912 50
837 50
438 25
888 25
708 5
847 100
844 100
620 100
258 100
356 15
251 15
73 10
172 50
14 15
824 50
646 10
661 100
459 25
80 5
235 50
749 25
503 50
522 50
246 50
915 25
763 15
540 100
782 5
151 10
519 100
177 15
439 5
670 5
856 25
658 5
373 10
757 15
394 50
748 25
574 15
504 15
148 25
352 100
515 50
407 15
327 10
932 25
613 15
76 5
119 5
622 10
164 25
534 10
762 15
152 25
689 5
859 25
455 15
943 15
859 50
132 25
910 5
987 100
432 5
960 15
585 15
372 100
868 10
42 25
920 15
571 100
563 50
517 100
106 5
853 5
858 5
91 10
195 10
438 50
264 50
179 10
610 100
239 15
578 10
541 15
343 15
336 10
805 15
169 10
399 10
513 100
71 5
388 5
286 10
490 50
954 15
433 5
599 10
718 5
899 5
978 100
4 15
823 50
652 100
359 100
166 15
99 10
887 50
472 15
428 15
634 10
449 50
595 100
287 15
946 100
890 50
623 50
973 5
239 10
224 25
434 5
676 50
644 15
79 100
405 50
223 10
58 5
665 50
288 10
264 25
438 15
244 10
958 25
252 50
672 100
18 10
746 50
784 100
391 100
618 15
374 15
95 25
323 50
612 100
705 50
752 5
65 10
722 5
813 10
865 5
383 50
651 15
98 100
340 10
398 100
728 100
450 100
6 50
276 15
768 25
687 10
641 15
289 25
841 5
756 15
203 10
351 5
863 5
450 25
837 15
398 15
201 25
607 15
424 10
223 10
697 25
47 100
756 100
640 5
806 5
730 50
614 15
64 10
762 5
865 10
319 100
902 50
951 5
978 15
535 5
348 10
922 15
149 5
395 15
450 15
694 10
938 50
241 5
564 50
318 15
711 10
532 50
558 15
830 100
372 100
711 100
377 5
50 25
728 5
102 50
835 50
893 5
986 50
115 5
746 25
117 100
110 15
326 5
758 25
679 25
36 25
229 10
504 100
141 10
967 5
700 25
924 15
780 50
264 5
495 100
893 25
349 15
640 25
312 15
491 10
647 50
667 10
228 50
554 25
332 100
826 15
561 5
344 10
662 25
592 15
460 25
477 100
65 15
282 10
761 25
452 25
742 5
674 10
935 100
406 50
707 15
610 10
145 5
948 5
953 100
98 100
748 50
201 50
664 10
625 25
762 50
399 5
648 100
693 25
124 100
659 5
422 50
801 15
769 15
798 5
619 5
363 15
848 50
291 10
649 100
310 100
620 10
755 100
779 5
347 50
834 50
554 5
72 25
128 25
642 100
397 5
852 50
808 25
342 50
43 15
617 15
736 5
514 100
473 15
591 15
261 10
336 100
140 25
321 25
896 100
138 10
169 100
11 15
328 10
493 5
615 15
513 15
9 50
399 50
132 15
143 15
324 50
346 100
693 10
766 50
560 100
328 100
193 5
806 10
181 15
87 10
70 100
119 50
138 25
156 25
303 25
902 50
199 50
494 50
389 5
64 15
547 25
759 25
179 25
728 25
129 100
525 100
674 25
808 25
490 10
2 50
149 50
808 5
91 25
38 5
218 25
301 15
339 5
477 15
707 25
741 10
822 50
164 50
435 100
537 50
488 100
136 15
282 25
579 5
755 50
827 10
156 5
619 5
788 50
313 100
703 5
210 10
435 100
904 15
900 5
98 15
561 10
648 10
876 5
273 5
761 100
525 25
582 50
82 100
700 100
402 50
171 10
88 100
562 100
33 50
198 10
610 100
347 10
668 15
12 100
100 5
7 50
69 50
949 5
801 50
656 5
972 5
177 100
352 25
345 15
317 15
335 10
268 50
138 50
774 50
297 50
473 100
479 25
386 5
700 15
306 15
87 50
363 100
77 100
685 10
868 5
339 50
735 25
344 10
586 10
641 100
710 10
329 10
267 50
364 5
441 5
170 5
600 50
310 25
4 5
413 10
792 25
92 10
40 100
428 100
647 100
946 50
716 50
679 5
826 5
61 50
356 5
877 5
554 15
471 50
592 10
688 5
245 10
818 5
145 10
929 10
789 10
522 15
615 25
424 50
488 25
175 10
879 5
947 15
884 25
205 10
962 10
922 100
954 15
101 5
500 50
820 50
434 15
760 5
158 10
410 5
228 50
761 15
612 100
305 15
177 5
600 100
954 25
473 25
642 15
204 50
650 50
637 10
663 5
263 10
395 100
740 15
671 100
190 100
491 25
909 50
997 5
749 50
606 5
580 15
657 100
665 50
30 50
724 5
167 50
751 10
784 50
334 25
362 15
374 100
209 15
615 100
458 50
285 5
888 50
546 100
863 25
133 15
8 50
733 15
443 100
211 25
549 5
736 10
270 100
226 5
885 5
305 10
55 100
151 5
680 10
173 10
780 50
463 25
182 100
366 15
248 25
301 25
288 50
178 25
560 50
374 5
979 10
254 5
732 25
636 50
6 10
447 5
967 15
52 50
918 15
379 5
297 15
7 5
822 10
885 5
598 100
135 100
465 10
757 50
212 50
645 5
516 50
471 50
665 50
436 100
150 15
822 25
214 5
542 25
310 5
635 50
218 10
722 50
247 100
996 100
571 50
238 25
216 25
654 50
680 25
125 100
422 5
541 15
732 10
500 5
601 5
573 10
233 15
714 100
831 10
168 50
62 5
397 5
449 50
141 15
523 25
697 5
179 25
924 100
145 5
263 10
840 5
266 15
200 100
774 15
239 5
850 100
192 15
63 15
127 10
497 25
797 25
137 100
317 10
897 25
5 100
648 50
328 5
15 10
429 50
609 10
185 5
627 50
46 25
409 5
215 100
648 10
836 25
430 50
968 100
171 25
73 10
817 5
623 10
411 15
248 25
190 100
487 10
962 100
864 15
371 50
457 15
56 25
590 100
401 10
556 100
739 25
521 50
426 25
904 10
150 50
515 10
219 5
741 100
317 10
862 50
426 100
362 100
163 25
767 100
805 100
78 25
627 5
382 50
28 5
569 25
89 5
382 15
839 25
238 5
527 100
313 5
620 10
435 15
71 15
215 15
668 15
658 10
884 15
248 25
731 5
96 10
557 5
305 100
606 100
130 10
420 5
866 5
845 15
656 50
473 15
566 100
877 5
337 10
835 100
222 10
96 5
152 10
912 25
311 100
702 100
856 100
692 50
128 10
369 5
214 50
847 25
117 25
26 10
115 25
576 5
117 15
292 5
943 25
356 25
506 25
400 50
804 5
24 10
483 10
616 25
486 100
880 5
974 15
497 10
248 50
720 5
908 10
502 50
825 100
987 15
840 100
782 100
234 100
461 10
169 100
190 10
270 5
162 25
435 5
813 25
793 15
396 10
430 5
572 5
160 5
116 5
120 50
703 50
444 50
28 15
608 25
155 50
269 15
113 25
632 10
216 25
395 15
494 15
331 25
918 5
421 25
821 25
271 15
9 10
194 100
605 25
972 100
566 50
815 15
173 10
413 10
520 100
342 50
165 50
268 15
676 5
549 25
760 15
853 5
0 15
367 10
49 100
17 15
243 25
859 15
232 15
485 5
192 100
848 5
564 100
363 10
109 5
560 5
229 50
816 50
148 15
897 100
565 25
154 15
803 25
197 100
320 15
800 5
698 100
604 10
852 100
896 5
258 10
401 10
472 10
521 5
61 15
931 50
329 50
773 100
936 50
953 50
535 15
191 100
94 25
569 15
439 5
262 100
844 25
56 5
241 5
997 25
700 25
250 5
360 10
822 15
936 25
311 5
234 5
262 25
865 15
14 25
482 15
167 100
425 15
904 100
605 25
456 15
847 5
940 5
641 10
628 15
474 100
495 5
463 5
524 5
14 50
820 15
634 50
81 100
796 15
323 15
9 100
56 5
816 5
308 100
493 15
976 10
633 50
3 10
643 25
784 100
409 100
13 25
38 25
934 10
645 25
549 10
584 5
912 5
422 5
53 50
194 15
432 100
182 100
85 5
507 5
781 25
367 15
568 15
578 25
70 5
454 25
780 100
708 100
361 10
195 100
685 50
855 10
919 10
103 25
477 10
280 15
77 25
498 50
447 25
371 15
448 50
655 10
536 5
814 100
472 100
850 15
191 5
540 5
541 25
377 15
382 10
117 5
191 5
799 10
893 50
519 10
88 50
28 50
261 25
449 10
811 50
998 5
958 50
636 15
661 50
1 15
700 50
785 15
989 15
987 100
978 25
103 100
774 15
362 15
182 5
586 5
452 100
112 50
939 5
480 10
222 5
278 10
513 100
601 10
318 100
96 10
391 25
431 5
3 100
351 100
415 25
181 10
242 10
747 5
73 100
227 100
325 5
336 5
811 15
614 10
902 25
317 15
489 50
536 5
188 100
754 10
324 100
983 50
311 25
2 100
954 25
973 15
55 15
910 100
479 50
40 10
469 15
87 100
584 10
921 100
103 100
792 50
120 50
598 15
836 50
238 15
751 25
127 15
554 15
373 50
524 50
947 10
148 10
432 100
491 10
558 10
589 50
805 15
728 50
789 100
54 25
41 5
374 5
36 10
347 25
9 10
560 5
188 25
99 15
553 10
322 5
134 15
500 100
156 50
882 50
46 100
524 25
441 15
896 15
852 25
917 50
546 25
536 15
590 10
408 10
675 25
528 5
549 5
904 15
381 50
493 10
389 100
640 25
378 50
220 100
657 100
531 50
931 10
721 15
382 5
219 15
130 100
194 100
660 10
536 10
595 100
247 15
429 100
393 5
413 5
0 10
837 10
316 100
359 100
933 50
884 10
124 50
702 25
583 15
283 100
494 10
145 50
462 10
681 50
386 25
700 10
806 50
698 100
579 25
554 5
21 10
443 5
801 5
218 100
930 10
438 10
192 5
511 15
201 5
117 25
94 100
198 5
549 50
345 5
390 50
294 50
597 25
613 5
900 10
384 100
486 5
843 10
560 100
465 50
621 5
981 5
378 5
136 25
143 10
800 5
401 25
191 15
16 25
591 50
183 5
885 25
811 100
666 50
491 25
465 50
583 5
846 10
247 50
735 5
431 25
374 5
925 50
717 25
610 5
905 100
910 50
715 100
319 5
518 25
547 100
319 100
510 25
927 50
872 10
165 50
346 5
292 10
258 25
488 5
167 100
342 25
479 15
776 5
71 5
705 100
905 15
80 10
488 25
634 15
846 100
768 25
338 50
562 5
257 100
784 100
663 25
141 10
308 15
716 50
822 10
717 5
557 25
204 25
629 25
388 5
702 50
519 15
39 100
97 10
163 10
337 15
245 25
421 50
981 25
18 50
309 25
985 100
763 10
950 15
672 5
677 15
668 25
747 10
179 50
90 5
679 50
349 25
461 15
866 5
629 50
344 25
800 10
870 5
748 25
38 100
844 15
368 5
688 25
94 100
763 10
634 15
291 100
779 25
740 10
663 100
570 15
124 10
888 15
913 50
655 15
546 100
961 50
264 5
677 100
737 100
480 15
595 10
847 100
867 10
128 50
685 15
197 50
397 50
530 100
335 25
743 100
69 5
791 25
915 25
41 25
851 5
381 100
732 50
382 15
912 5
264 15
924 10
116 50
903 10
348 100
778 10
840 5
119 50
655 50
677 50
432 25
325 25
793 25
72 15
189 10
302 10
615 25
178 10
533 100
421 50
165 50
308 50
38 10
781 10
286 15
23 50
768 100
727 50
488 10
529 100
151 5
794 5
958 15
984 5
891 5
363 100
808 5
657 5
651 10
612 100
935 15
101 5
491 15
523 50
103 100
780 100
308 10
36 25
107 100
804 50
759 10
615 25
143 100
724 25
406 50
799 15
728 100
544 25
81 50
539 100
809 100
382 100
690 25
353 25
900 15
456 50
969 10
622 25
374 10
320 15
902 5
561 5
271 5
529 100
819 100
679 25
231 100
149 50
388 5
771 25
427 50
804 5
4 5
737 25
588 5
167 50
303 25
798 10
507 50
87 50
800 25
890 10
614 25
771 50
880 100
293 25
511 50
688 5
637 5
806 100
546 100
141 25
294 10
3 15
824 50
666 50
194 15
378 100
245 50
687 50
604 50
435 50
442 10
111 50
815 15
13 10
725 15
774 5
276 50
406 5
409 15
933 5
762 50
75 15
120 15
208 50
789 50
996 50
958 5
673 25
800 100
965 25
620 5
999 25
822 15
385 25
857 10
840 15
614 25
352 25
863 5
887 15
524 100
93 50
473 15
256 50
555 25
40 15
279 25
145 5
369 15
112 15
25 25
932 25
225 100
988 15
896 10
142 15
87 100
433 5
563 50
956 15
385 25
972 50
101 5
187 5
179 25
464 10
140 5
905 25
700 50
385 50
858 5
130 15
518 100
848 5
696 25
272 25
818 10
694 15
882 50
243 5
528 15
172 100
154 5
417 10
278 100
31 15
273 100
865 100
445 15
69 100
211 50
536 10
750 15
431 10
104 25
318 25
164 15
222 50
352 100
147 100
106 15
219 5
469 100
594 5
162 10
753 15
554 25
601 100
828 25
36 15
484 25
306 10
6 15
514 10
209 50
106 10
243 25
13 5
748 50
416 25
948 50
766 15
753 10
775 15
90 50
586 100
762 15
231 25
91 5
761 25
494 15
193 5
925 25
461 15
803 100
159 100
648 25
709 100
157 100
3 100
850 25
219 10
752 15
749 5
775 15
647 50
628 5
9 100
81 25
64 25
389 5
494 15
494 5
696 100
411 5
304 100
841 100
225 100
632 5
895 50
188 100
222 10
290 50
913 25
92 50
489 100
242 5
314 25
185 15
381 5
694 5
456 100
595 50
391 100
485 50
76 50
926 25
565 25
275 50
334 100
804 5
537 15
245 50
355 10
207 15
240 25
191 50
930 10
88 15
585 10
100 5
321 100
10 15
680 5
596 5
330 10
792 15
358 5
851 100
64 5
411 5
95 5
835 100
71 15
624 100
605 25
11 25
778 25
78 10
654 100
848 15
396 10
874 100
915 10
749 50
726 50
838 10
898 5
281 50
539 25
972 5
262 25
792 10
462 25
841 10
57 5
806 5
526 15
870 10
704 25
784 100
833 50
794 25
752 5
141 50
990 50
758 25
725 50
601 5
247 50
783 100
598 50
287 5
519 25
616 10
717 25
126 50
708 5
175 50
196 50
463 5
9 10
95 100
112 10
975 100
122 100
105 25
26 50
255 15
544 50
229 50
656 25
688 10
375 5
42 10
729 50
466 100
297 15
480 5
329 100
871 25
678 50
935 15
286 50
178 100
945 25
618 5
405 50
797 15
682 50
447 5
591 25
517 100
107 50
926 100
163 100
964 15
863 25
767 100
918 100
631 50
301 15
245 15
738 10
110 10
675 50
507 50
788 10
367 10
924 100
348 100
619 5
188 50
975 10
173 25
717 50
159 5
739 15
141 50
291 15
788 10
217 25
730 25
375 100
628 5
403 100
206 25
517 25
531 15
911 15
742 100
628 25
377 15
490 50
167 100
774 5
907 100
860 100
592 50
980 5
508 15
553 5
392 100
326 15
79 50
661 15
289 10
906 100
330 10
698 5
526 5
440 15
135 50
973 15
357 50
585 10
790 50
172 100
361 25
259 100
309 5
60 10
300 50
519 100
98 25
483 5
527 5
799 100
646 100
104 25
158 50
554 50
67 10
529 15
527 15
613 100
635 25
780 25
635 50
794 15
654 10
251 10
597 25
582 50
291 25
610 10
319 10
909 5
217 15
303 15
897 15
360 100
199 25
581 10
475 25
332 10
969 15
247 50
543 15
960 50
15 10
529 15
930 50
861 50
143 50
762 10
959 50
987 10
918 5
805 10
526 10
149 15
367 50
373 5
68 5
10 10
529 100
696 15
674 25
588 50
745 5
202 5
818 5
587 100
777 5
126 5
468 15
90 10
137 100
240 10
530 15
427 100
227 10
121 25
901 5
262 5
160 50
632 10
587 5
201 100
369 10
545 15
651 100
475 50
383 25
485 25
954 50
494 15
355 50
608 25
953 50
328 10
238 5
703 10
23 100
407 5
697 25
638 15
53 25
6 50
133 10
325 25
300 100
296 15
428 100
628 15
741 25
33 25
276 10
899 50
414 25
163 5
211 25
51 50
474 25
918 25
699 15
366 10
969 100
185 10
906 15
442 25
568 50
202 100
998 5
968 25
718 25
894 15
103 50
251 15
988 100
386 25
276 15
669 50
573 25
497 5
102 5
470 10
205 15
270 25
788 10
607 25
950 15
839 5
855 5
520 25
644 25
174 10
804 50
53 50
940 15
517 25
362 10
917 25
215 10
558 50
169 15
398 50
819 25
635 10
28 50
203 50
416 15
539 5
75 15
657 5
383 25
698 100
476 50
644 100
531 10
800 100
537 5
991 25
619 50
162 10
311 100
205 50
401 25
389 10
84 15
750 15
208 15
120 25
351 25
286 5
280 25
924 15
142 15
539 10
361 15
634 15
808 5
737 100
274 100
681 10
641 10
792 5
481 25
214 25
929 5
631 100
857 100
81 15
317 25
382 10
166 15
938 5
590 15
317 15
981 10
75 25
226 50
738 100
37 25
722 100
355 5
236 15
251 100
918 25
964 50
985 10
900 25
225 50
482 25
11 100
697 10
840 50
93 50
605 5
745 10
913 10
397 10
303 15
620 10
113 5
279 100
117 15
64 50
751 25
112 25
936 15
21 25
7 15
629 10
275 25
19 5
54 25
114 15
797 50
116 15
148 5
742 100
288 25
926 25
970 5
201 15
2 5
428 25
768 5
960 50
559 5
582 25
119 25
778 25
825 15
963 50
342 25
338 15
438 10
917 25
870 10
111 100
913 5
969 100
135 25
806 15
505 50
480 100
761 100
38 5
250 5
777 15
125 5
50 5
863 15
262 15
570 100
634 5
412 5
222 5
839 100
590 50
957 100
341 5
523 15
341 25
569 100
146 50
568 50
579 50
407 5
870 15
155 50
42 50
778 10
488 25
487 5
792 15
365 5
890 15
306 100
605 5
31 15
451 10
163 50
335 5
892 100
474 25
770 15
375 25
576 5
249 50
962 100
557 25
846 10
711 100
85 25
130 25
12 15
945 100
849 100
664 10
805 5
14 15
962 15
988 100
649 10
861 10
79 10
550 10
492 15
262 10
873 25
775 15
636 10
76 100
290 10
327 5
232 25
278 5
267 10
347 5
368 50
507 50
485 10
64 25
927 50
134 100
942 100
371 5
648 5
65 50
407 100
236 5
43 5
790 5
54 10
66 50
131 50
399 50
817 100
376 10
125 50
565 15
280 25
393 50
532 25
724 5
153 10
436 25
325 10
944 50
614 5
210 25
106 50
224 10
100 25
354 5
458 15
206 15
316 5
878 50
890 25
541 100
540 50
331 100
67 100
398 25
501 5
831 15
230 100
848 100
405 10
310 5
15 15
128 25
879 100
594 100
59 50
999 5
921 25
169 100
96 5
704 25
126 100
767 15
458 100
264 15
749 10
112 25
159 25
89 5
417 100
459 100
982 15
150 5
518 100
775 100
261 10
202 5
591 25
684 5
256 50
793 5
252 15
536 25
332 100
44 25
464 15
211 5
336 50
446 100
197 15
529 15
866 100
156 25
787 25
371 5
351 15
535 10
535 25
874 50
123 50
911 15
352 50
324 15
899 10
810 25
499 25
600 5
358 5
139 10
732 25
281 15
727 5
67 50
379 25
791 25
568 50
580 15
180 10
181 10
172 5
961 10
919 5
425 5
257 25
674 50
159 10
329 10
874 15
395 10
622 10
430 50
718 25
178 15
28 5
489 50
256 25
992 10
432 15
443 50
344 50
120 5
363 5
934 50
280 15
153 50
321 15
772 5
445 50
580 5
426 5
951 10
967 25
192 15
271 10
75 25
95 15
810 5
284 15
311 5
186 15
56 100
146 100
236 5
498 25
175 10
64 15
183 15
215 15
124 15
959 10
956 5
365 15
439 100
856 5
19 25
574 10
595 10
39 25
542 100
820 25
874 5
763 5
885 5
620 50
949 15
584 5
415 15
321 25
702 50
592 5
753 25
421 5
994 100
116 100
814 50
102 10
376 100
690 5
256 10
390 15
999 50
328 5
210 25
631 15
182 25
426 15
387 50
195 10
402 50
821 15
936 100
595 25
681 25
820 50
668 50
438 5
607 15
246 25
506 50
894 25
484 25
807 50
268 25
598 15
352 100
328 10
161 50
167 25
850 100
657 100
581 50
755 15
177 15
294 100
106 50
326 10
628 5
35 10
762 5
568 50
454 5
193 10
965 100
617 100
20 50
198 5
715 10
36 100
514 100
608 10
936 15
697 10
684 50
854 10
46 15
522 50
349 100
263 50
155 25
231 10
665 100
147 15
466 10
547 100
396 100
29 100
773 100
512 10
660 25
296 10
154 100
856 50
908 100
822 25
226 50
592 25
111 100
381 10
577 15
251 10
400 50
888 25
229 5
446 10
638 5
766 100
267 10
692 50
682 50
999 10
964 100
640 100
296 25
670 10
55 15
176 15
976 50
26 50
982 25
33 15
167 100
385 25
261 25
872 50
605 50
421 15
307 100
984 15
785 10
637 15
343 100
41 100
776 100
80 15
254 10
593 25
893 25
586 15
500 5
210 10
939 15
115 25
447 50
455 25
31 15
979 10
737 100
127 5
226 50
6 50
548 25
426 100
454 100
944 10
879 50
983 50
478 5
660 10
191 50
924 25
888 15
928 15
53 100
397 15
350 15
859 100
626 100
236 25
612 10
278 25
117 15
683 50
998 15
596 25
564 25
355 100
375 50
972 100
551 50
872 100
849 10
822 25
739 5
825 50
646 25
985 100
305 100
14 5
954 15
70 100
666 10
118 50
689 5
815 5
100 100
247 50
423 5
486 15
114 25
21 5
983 50
633 100
694 15
134 15
437 15
745 10
780 50
548 50
463 15
598 50
596 15
770 5
349 15
371 50
679 5
867 25
94 50
801 15
744 25
159 15
365 5
948 25
728 10
753 50
285 5
363 25
635 25
359 10
303 15
716 100
49 50
52 50
624 5
171 25
417 100
903 5
941 100
79 15
475 5
674 100
456 15
767 100
430 5
978 50
438 50
495 15
756 100
598 10
785 100
869 50
717 10
883 25
349 5
262 50
988 10
398 5
7 100
50 15
979 15
254 15
708 15
704 10
730 25
794 100
989 25
52 10
491 100
558 100
706 10
246 10
344 100
713 10
958 10
250 25
484 100
355 5
442 10
887 10
30 10
380 10
741 5
756 25
466 15
832 100
262 50
563 50
81 25
919 50
830 100
670 5
22 5
107 15
172 5
912 15
828 15
982 10
774 5
979 25
547 5
798 5
847 25
926 15
809 5
889 15
412 100
592 25
461 100
368 25
706 50
2 5
636 25
796 50
434 15
28 10
360 50
736 10
579 25
886 15
67 10
377 10
771 50
243 15
634 50
653 25
453 100
12 50
793 5
525 5
324 5
106 25
44 15
360 100
804 10
734 50
425 15
579 10
515 50
13 25
751 10
1 50
1 10
958 5
192 25
560 10
185 15
154 100
300 15
316 5
304 25
657 25
844 100
940 100
306 25
918 15
72 25
99 25
938 10
795 25
263 10
416 25
39 100
943 5
678 50
927 10
746 5
135 5
281 15
216 5
620 15
317 5
826 10
656 10
931 25
446 25
204 15
417 50
574 50
413 10
129 10
191 10
376 25
602 25
546 5
785 10
766 15
879 10
381 5
23 100
48 50
79 5
465 15
632 5
781 50
265 100
789 100
31 100
979 25
343 5
411 5
201 100
141 10
798 5
658 100
65 15
337 25
635 10
476 50
56 25
845 10
801 10
34 5
786 50
72 25
650 10
959 5
8 10
750 15
256 15
806 50
285 15
648 15
610 15
629 100
47 100
279 100
15 15
765 15
964 5
356 50
228 100
199 25
800 5
963 15
145 25
117 25
193 25
708 15
77 10
511 100
10 5
314 10
934 50
956 25
234 50
416 5
842 15
918 10
528 5
531 50
26 25
196 15
931 5
449 5
972 100
384 15
333 15
536 5
210 100
449 5
678 100
674 50
227 50
786 5
61 100
846 100
349 25
380 100
144 100
581 50
616 5
920 10
568 10
772 15
958 5
995 5
284 100
585 10
235 10
718 15
995 10
456 50
920 5
407 10
102 5
417 100
495 15
175 15
869 100
233 15
851 50
548 10
697 100
90 50
244 10
474 5
712 50
829 100
611 5
337 25
71 100
951 10
290 25
829 50
675 10
895 25
455 5
812 15
211 100
315 50
809 50
521 50
692 100
362 10
332 5
716 5
936 15
180 10
155 50
660 100
647 100
140 25
826 15
34 50
20 25
522 5
562 100
135 5
70 10
644 50
244 15
999 10
76 100
679 10
242 100
283 50
846 10
646 15
347 25
44 25
715 5
307 5
373 15
760 100
447 100
972 25
225 25
218 25
479 50
429 10
485 5
124 10
177 5
519 50
819 100
555 15
29 5
55 5
745 100
615 100
948 50
111 15
584 50
901 5
121 10
892 5
624 15
655 5
65 50
685 10
803 5
702 100
835 10
633 10
473 15
546 15
535 100
308 100
33 50
240 100
585 10
332 15
483 5
877 15
396 15
528 25
211 5
838 100
393 100
349 25
545 5
140 25
562 100
555 10
893 15
511 10
934 25
395 25
502 100
50 50
695 10
775 10
145 10
580 50
848 25
144 50
296 15
74 10
588 50
98 10
571 25
743 50
830 25
933 25
512 10
670 15
569 15
634 5
992 50
99 15
977 10
46 5
811 50
726 50
434 10
205 10
267 25
635 100
913 10
77 15
765 25
711 25
384 10
185 15
758 15
665 5
183 5
872 100
578 100
30 5
496 10
176 100
943 100
728 50
413 25
564 5
211 25
93 5
203 100
13 100
666 5
444 25
745 25
174 10
392 15
582 5
301 25
604 10
540 15
823 10
34 25
312 5
28 50
427 5
970 10
100 50
990 25
538 15
318 15
443 25
508 25
997 15
319 100
893 50
442 25
647 50
64 50
246 50
400 50
985 5
945 100
958 5
153 100
280 15
671 50
555 5
45 50
515 10
20 15
14 25
193 25
776 5
756 5
372 100
543 5
939 25
388 100
24 50
62 15
781 5
695 100
476 50
637 5
859 5
188 15
524 50
462 25
802 15
947 50
101 25
986 25
840 100
494 50
288 5
702 50
719 50
640 15
209 15
340 10
340 100
476 10
822 10
259 10
752 50
929 10
829 15
100 15
346 50
577 100
189 25
975 5
386 15
621 25
994 100
782 15
213 25
216 10
669 100
402 25
757 10
573 50
754 10
871 5
211 100
505 100
749 100
792 10
984 100
358 5
763 5
568 5
284 15
484 100
946 100
231 25
971 100
699 15
961 25
936 100
510 10
385 5
961 50
414 15
161 25
177 15
831 5
934 5
768 50
402 25
667 10
573 100
742 50
700 10
739 50
854 5
121 10
496 25
426 25
40 100
816 15
255 5
855 10
647 100
393 5
702 50
242 10
962 5
26 15
414 100
161 100
641 100
462 25
475 100
243 25
654 10
133 5
121 15
32 15
162 10
758 50
536 100
993 5
102 15
60 10
243 25
908 5
542 10
465 5
752 50
144 5
108 25
882 25
396 15
544 25
24 5
937 50
531 25
912 15
581 50
281 5
530 100
343 100
64 15
813 10
233 5
885 5
469 10
957 100
797 5
266 15
522 25
341 10
106 10
674 15
841 10
492 10
178 15
836 100
253 25
417 5
236 50
880 50
607 100
176 100
382 25
711 25
590 50
818 100
24 50
905 50
390 5
285 15
520 100
344 50
221 100
153 100
674 50
90 25
36 10
321 25
43 50
230 10
963 10
13 10
207 25
687 50
272 25
705 15
448 25
228 25
925 100
837 100
491 5
162 25
6 15
432 25
259 15
467 5
577 10
975 10
792 100
329 25
777 100
175 100
776 25
336 50
197 50
463 100
346 5
816 100
842 15
353 15
91 50
54 5
228 50
10 5
444 50
371 15
413 100
657 15
872 10
322 5
20 50
679 100
547 10
483 50
537 100
525 5
426 50
562 100
470 50
790 10
911 5
853 25
118 25
80 50
520 25
228 50
56 5
520 25
237 5
189 100
591 15
28 15
478 5
707 25
769 15
712 15
838 100
828 25
727 50
3 15
49 15
301 5
429 100
392 10
828 50
700 50
101 100
879 25
536 15
790 25
910 5
497 50
826 5
118 50
687 50
534 10
704 10
75 50
747 10
301 15
684 15
903 10
106 50
572 15
954 15
406 25
646 100
55 25
736 100
335 100
23 100
502 50
265 50
693 50
384 10
333 100
59 5
447 50
174 100
875 10
407 5
391 50
604 10
584 25
259 25
138 15
556 50
874 15
924 100
482 10
7 10
390 15
277 15
630 25
244 10
870 100
383 25
22 50
436 5
933 50
714 25
747 50
366 15
424 50
400 15
781 10
356 5
168 25
171 50
536 100
715 25
253 10
928 100
465 25
227 15
203 10
116 10
708 15
509 10
652 100
319 5
13 50
272 50
387 5
764 50
424 5
792 10
872 15
650 25
481 5
141 100
606 100
482 5
903 15
983 5
954 50
830 5
10 100
971 100
279 25
207 25
365 50
70 5
523 25
961 50
370 100
332 100
573 25
391 100
812 10
943 100
39 100
482 15
592 10
579 50
312 15
960 5
130 5
380 15
997 5
574 25
177 100
91 100
106 100
794 15
31 25
169 25
600 5
341 25
390 5
906 15
175 15
230 5
327 25
879 10
370 5
253 10
136 100
254 10
388 10
74 15
29 100
777 10
232 15
365 10
918 5
476 25
9 10
651 25
788 50
387 25
546 25
806 25
375 10
851 5
641 10
354 5
161 15
191 50
599 50
27 50
905 25
804 25
890 15
226 50
210 15
983 5
56 25
336 10
865 5
15 5
227 100
58 50
936 25
355 5
859 100
185 10
862 100
925 15
558 25
503 15
40 100
843 10
98 10
737 50
618 10
130 100
7 25
718 5
522 15
200 15
325 15
203 10
917 100
173 50
398 25
16 15
611 50
330 50
832 100
440 50
140 15
235 25
950 5
40 15
517 15
357 15
388 50
328 100
880 5
210 25
676 5
965 10
534 100
338 100
925 50
410 25
131 50
682 100
987 5
205 25
955 100
128 5
688 100
307 15
575 50
299 5
13 10
154 50
334 100
881 15
342 15
395 15
433 50
34 50
117 25
436 50
572 15
699 25
530 10
260 100
413 100
842 50
125 15
176 50
336 50
931 50
394 25
419 50
231 50
219 25
763 15
801 25
316 15
605 15
552 25
807 5
218 50
147 5
797 5
843 100
805 50
515 5
29 15
536 100
506 10
938 50
383 25
278 25
115 50
447 25
647 15
431 50
301 50
467 50
120 5
874 5
330 5
51 25
376 50
820 5
731 5
311 25
319 50
63 5
884 50
857 5
131 15
108 25
785 10
270 100
968 100
831 50
469 25
939 15
540 15
614 5
824 50
789 100
911 100
128 50
789 15
716 10
159 25
177 5
182 50
772 5
733 15
299 10
629 5
405 15
647 10
32 50
346 15
297 50
849 25
32 50
764 15
616 5
399 10
460 5
217 50
714 15
304 15
326 50
206 15
589 25
135 10
699 10
955 25
648 5
778 25
980 10
268 5
580 10
947 100
635 10
904 100
389 50
300 15
101 50
975 50
887 15
300 10
752 100
101 10
187 25
161 100
132 100
300 25
24 10
497 10
860 50
868 15
925 15
550 100
896 5
728 5
540 50
91 100
87 5
981 100
702 15
378 100
166 100
662 50
978 10
762 10
642 50
926 10
805 50
826 100
245 5
155 15
480 15
150 5
853 5
735 10
571 100
87 50
81 25
473 100
544 15
140 5
962 100
906 15
654 25
824 25
381 15
991 25
413 25
111 10
204 100
901 100
172 5
829 10
264 50
927 100
619 10
634 10
644 5
728 25
262 100
395 5
920 100
397 5
167 5
138 15
292 15
109 25
527 25
886 10
794 25
313 25
859 50
20 25
981 5
724 25
866 5
25 50
794 50
601 100
277 10
725 50
517 5
38 50
215 50
383 15
5 25
269 25
892 25
270 10
602 15
217 10
673 15
571 5
439 15
784 10
831 15
737 25
21 5
612 10
521 15
650 15
293 15
302 15
785 10
215 100
600 5
343 100
644 50
237 100
228 10
218 10
558 50
703 15
437 25
449 5
837 15
826 15
176 100
549 50
764 100
469 10
899 5
130 5
518 25
810 15
155 15
655 5
169 100
363 25
887 15
566 50
320 5
714 15
608 5
785 5
174 50
593 5
878 50
820 100
94 5
136 100
767 5
962 10
947 100
457 100
226 50
324 15
792 5
890 10
530 25
693 15
697 5
521 5
243 10
445 15
756 5
860 15
357 5
13 5
591 100
775 15
542 50
633 10
895 50
58 25
689 50
369 100
819 50
222 100
151 5
654 5
255 5
397 5
387 10
823 25
303 100
446 25
902 15
399 50
493 5
657 10
689 25
94 10
545 15
621 5
579 5
784 5
733 15
172 50
183 50
935 25
131 10
486 25
348 100
223 100
326 50
716 50
308 50
336 50
365 5
771 50
947 25
191 50
3 10
98 25
864 15
62 15
559 25
588 15
147 5
357 100
915 10
964 100
51 100
22 50
467 5
268 25
990 15
819 5
80 100
306 5
525 5
971 10
350 50
167 15
285 5
898 5
712 5
181 25
967 15
45 25
208 50
921 25
882 10
32 5
956 10
129 10
680 15
622 25
633 25
659 25
214 100
241 10
506 100
810 50
700 10
28 25
826 25
674 5
605 10
681 15
629 25
334 5
934 15
557 10
246 100
55 10
852 15
778 100
75 15
810 50
806 10
339 15
409 100
769 10
574 50
438 50
383 50
599 100
930 50
532 15
328 100
705 15
829 100
850 25
88 25
765 100
306 10
350 50
105 5
171 5
507 5
364 15
314 25
249 25
526 15
415 5
157 15
355 100
982 15
948 25
264 25
235 100
504 5
953 50
595 25
234 10
547 50
738 50
109 100
236 100
230 100
313 15
243 15
446 25
104 15
158 50
767 10
371 5
36 15
321 15
804 25
618 50
636 50
131 25
76 10
370 15
888 100
967 10
668 15
652 50
940 5
866 100
866 50
764 100
191 100
921 25
868 50
464 10
135 25
732 10
421 10
801 10
617 50
385 10
677 10
682 100
435 50
708 100
836 15
554 15
459 25
775 50
351 5
805 100
697 25
922 100
774 25
749 50
989 50
733 10
519 5
314 15
232 10
766 10
110 5
789 5
350 15
976 100
710 15
242 10
391 25
100 25
973 50
489 50
463 50
472 25
536 15
699 15
417 15
26 50
684 15
26 5
450 15
450 10
9 15
859 25
69 100
759 5
87 100
578 10
78 25
744 10
507 15
898 100
515 5
68 10
772 25
192 10
728 100
966 5
888 10
394 15
993 10
808 100
697 100
340 10
376 25
11 5
238 10
678 15
742 15
25 50
703 10
691 50
100 50
400 10
777 5
654 50
705 25
152 100
422 10
594 10
597 100
943 50
399 10
558 100
497 10
780 100
82 100
755 50
235 25
249 10
362 10
190 50
149 25
514 50
702 10
638 25
108 100
555 100
621 100
97 10
112 5
413 100
189 25
57 15
619 5
395 25
303 100
212 15
43 5
508 50
821 25
482 15
87 5
595 100
832 5
448 25
848 10
907 5
632 10
560 10
859 15
111 10
194 5
757 10
502 25
972 25
187 100
326 50
460 10
182 10
849 25
140 25
141 50
93 50
254 25
633 50
246 10
332 50
786 50
113 10
911 15
533 25
864 100
291 100
87 25
692 100
221 15
133 15
102 50
856 10
281 50
400 50
565 5
162 100
447 10
482 50
43 50
442 25
345 15
404 25
192 50
899 100
317 50
103 10
263 5
579 10
730 25
346 50
151 10
640 5
883 10
901 10
434 50
641 5
582 10
828 5
51 15
358 5
669 5
992 50
570 5
846 100
60 15
181 5
204 100
749 15
98 15
415 5
6 25
94 50
266 10
342 5
924 15
49 25
559 50
800 10
637 15
393 10
75 50
937 25
343 10
685 25
616 100
489 50
937 10
360 5
354 5
74 15
245 15
258 15
866 15
626 10
239 50
307 100
79 15
333 50
421 10
360 15
941 10
683 5
785 25
415 25
847 50
481 5
47 10
719 10
151 50
967 25
57 25
477 25
279 10
375 10
578 25
176 5
277 50
566 15
858 50
736 25
821 15
584 10
658 100
0 25
2 50
260 5
680 50
294 50
437 5
215 25
558 50
29 15
493 25
889 15
835 100
615 15
699 5
444 15
626 15
143 25
622 10
674 15
851 5
598 15
772 5
258 25
262 15
575 10
337 10
1 50
645 10
743 10
788 50
899 25
908 100
547 100
671 25
156 15
960 5
886 5
120 15
518 5
562 50
744 10
903 100
521 5
579 25
31 5
50 5
539 50
306 15
111 100
357 25
725 10
796 5
753 25
328 15
223 15
359 15
498 10
348 100
254 100
670 50
687 5
133 15
945 5
147 15
619 50
775 100
14 5
540 10
599 50
916 50
674 10
892 5
852 5
856 5
360 10
312 5
539 15
651 25
164 10
222 15
375 50
503 5
68 25
16 50
576 5
973 5
349 25
299 10
126 5
853 25
777 5
133 5
612 5
711 5
446 50
968 50
98 5
434 5
381 50
186 5
788 25
316 25
262 15
425 5
467 25
477 5
884 15
114 15
954 50
688 5
219 10
903 50
53 25
877 50
199 50
896 50
743 25
889 5
567 10
881 10
607 10
290 10
424 15
965 50
709 100
260 50
326 25
310 25
440 50
889 5
56 100
875 25
54 100
421 15
416 100
358 50
876 50
245 25
673 100
747 50
441 50
680 50
505 25
175 100
36 10
871 15
571 100
981 5
383 15
324 100
63 5
180 50
465 25
901 15
856 25
740 15
716 25
310 15
119 100
366 5
77 100
409 25
495 25
700 10
651 25
851 5
226 10
121 5
941 25
889 5
820 50
570 10
918 10
394 50
137 100
73 15
398 100
361 25
998 10
888 10
478 10
495 25
685 5
456 5
6 25
632 25
948 15
577 25
331 50
88 5
369 25
489 100
822 5
201 15
220 100
776 10
892 15
646 15
149 10
279 5
512 100
304 100
332 25
440 5
462 25
741 100
945 15
745 25
797 15
608 50
61 5
209 50
273 100
494 5
351 10
57 10
724 10
49 25
192 25
47 25
616 25
421 25
45 15
97 10
281 15
309 5
225 25
148 25
556 25
179 15
414 50
440 5
830 50
448 15
540 50
618 5
721 10
694 50
883 25
356 10
883 15
169 5
516 5
417 50
680 15
197 10
452 10
325 25
706 100
234 25
107 100
79 25
402 10
649 15
938 15
579 25
251 100
528 10
380 25
697 10
291 100
55 10
428 25
160 50
930 15
257 15
504 5
679 15
311 100
183 15
435 100
997 15
707 10
800 15
699 15
775 25
688 15
170 5
262 5
506 50
40 25
700 25
645 5
869 100
696 100
524 50
75 5
204 100
136 5
305 50
838 25
43 25
25 5
24 5
183 10
849 10
53 5
546 25
416 10
416 5
230 50
11 5
20 10
591 100
124 25
366 15
934 50
241 50
764 15
571 25
341 100
653 25
221 50
291 5
594 50
782 5
87 100
121 5
121 50
26 25
345 10
646 5
443 5
457 100
369 100
883 10
660 25
679 15
49 5
915 10
14 25
744 50
262 5
752 10
400 50
796 5
199 100
743 15
935 25
372 5
263 10
61 50
945 100
534 50
556 5
91 100
989 50
264 5
154 50
744 5
785 10
787 100
700 100
25 100
135 50
760 5
24 100
383 100
237 10
489 5
785 10
657 10
980 25
612 10
382 10
663 25
85 10
918 15
615 25
727 25
218 25
234 10
836 10
710 15
426 10
535 50
570 100
329 25
514 15
740 15
869 100
828 25
229 50
829 15
848 50
287 50
355 25
238 100
188 25
136 50
97 100
692 50
548 10
666 10
352 50
902 10
161 5
588 100
739 25
810 10
81 100
940 25
503 100
304 10
828 100
898 50
646 15
571 50
417 10
288 10
910 5
528 10
6 100
851 5
471 100
994 25
660 50
556 15
453 50
540 10
961 50
521 10
629 25
181 50
455 50
340 100
926 10
342 5
177 100
864 10
588 100
783 5
733 25
734 100
122 100
382 5
696 25
228 15
377 100
989 5
279 100
209 100
381 50
741 100
547 25
238 50
796 10
537 5
639 10
141 50
95 15
589 25
752 15
589 50
841 10
233 50
858 50
488 100
666 15
410 15
416 50
228 50
824 10
508 100
545 15
102 50
424 15
492 50
404 10
428 25
710 15
476 15
777 25
195 100
2 100
196 25
86 10
263 25
157 10
26 5
331 50
442 100
667 5
487 5
685 25
973 100
760 50
420 50
748 10
236 15
108 25
235 15
684 50
723 50
13 5
928 5
732 50
578 5
184 25
789 10
836 5
260 50
463 5
964 50
376 15
122 25
122 15
317 15
239 50
964 50
583 10
252 15
724 5
857 100
682 15
421 15
6 50
789 25
843 25
512 5
166 5
936 15
767 10
513 10
7 5
604 100
501 5
160 100
160 50
149 15
6 15
468 10
201 100
424 100
583 10
535 15
791 25
544 25
773 10
44 15
46 100
42 100
587 5
134 15
660 10
687 50
186 5
570 10
488 25
547 5
381 25
381 50
603 10
68 25
543 100
405 50
41 5
244 25
819 25
402 5
747 5
158 25
730 50
669 15
440 25
463 15
555 5
331 100
395 100
597 10
75 10
737 50
380 10
768 100
570 25
627 25
238 10
42 100
167 100
10 10
839 25
53 100
903 100
914 25
413 15
151 100
127 5
448 5
478 50
42 100
89 15
840 50
876 25
209 100
841 50
382 15
628 15
675 15
807 50
459 5
621 100
905 25
641 5
85 10
354 15
894 15
230 25
625 15
223 25
751 15
956 100
621 25
106 50
320 5
589 10
912 5
213 10
645 100
408 10
458 15
452 25
328 10
435 50
553 100
794 10
79 25
871 15
353 25
385 10
13 100
118 50
893 5
375 25
490 15
987 100
9 50
723 25
554 100
965 5
868 25
448 5
261 100
639 5
995 100
83 10
469 100
668 15
2 15
296 5
858 100
878 5
439 25
943 15
267 5
382 5
421 50
24 10
617 25
809 5
995 5
280 100
994 25
23 100
386 5
434 100
677 15
935 100
572 50
295 50
173 50
280 15
852 5
226 15
552 25
460 25
338 50
716 5
639 5
832 15
540 15
29 10
855 15
40 100
487 50
188 100
769 5
267 50
30 10
767 5
656 100
504 100
286 15
239 15
605 25
218 100
374 50
860 25
995 25
20 15
882 10
335 5
372 100
196 50
732 25
751 10
37 100
225 50
381 5
510 50
893 5
635 5
518 15
266 50
362 5
814 100
699 100
81 25
395 100
645 50
580 25
312 5
916 50
75 15
684 100
949 50
211 100
970 100
883 100
401 25
93 10
895 100
999 10
973 5
877 50
653 10
226 10
506 10
468 5
715 25
282 10
936 50
123 10
906 15
470 50
752 100
672 5
940 100
77 100
587 5
260 5
694 15
787 10
441 5
912 50
313 5
27 100
265 15
457 100
520 5
431 15
900 100
637 5
743 10
842 15
606 10
420 100
917 10
527 10
671 10
849 100
85 50
536 25
837 10
956 15
149 15
378 100
530 5
552 10
389 100
433 15
141 10
942 50
621 50
794 5
832 10
858 50
91 10
440 50
616 100
180 15
489 50
941 100
698 5
221 25
673 100
95 5
309 5
650 100
988 10
204 50
528 100
333 25
276 25
879 50
830 15
661 25
955 25
579 10
343 10
152 25
767 10
300 25
57 100
387 15
68 15
76 10
470 5
576 25
768 25
247 50
415 10
307 50
287 15
642 10
47 5
273 50
138 5
115 50
238 5
38 15
5 50
113 100
865 50
137 15
417 15
194 100
720 100
55 5
404 100
674 100
48 25
903 15
721 15
832 100
936 100
816 5
521 10
343 10
52 100
402 5
595 50
869 10
458 5
772 100
516 15
979 25
507 5
960 25
332 50
834 25
40 15
782 25
650 5
299 10
388 25
440 100
234 50
419 25
901 10
411 5
474 10
427 10
15 15
433 5
344 25
717 5
71 15
631 5
714 5
453 100
390 5
89 10
124 10
735 5
336 15
413 10
380 25
515 10
360 10
95 25
600 5
668 15
255 15
715 10
560 25
904 50
119 100
297 15
455 15
451 15
762 25
361 100
443 100
678 15
537 10
468 5
585 15
79 25
850 25
322 25
35 5
310 10
821 100
716 50
611 50
189 100
840 25
883 25
87 25
843 15
12 15
43 50
844 10
424 15
723 10
208 25
726 5
73 10
811 100
540 10
215 15
56 5
95 50
804 10
303 50
246 10
236 25
739 50
652 100
382 100
169 25
371 10
933 25
776 25
613 50
596 100
424 100
392 15
366 15
554 5
259 15
485 5
402 25
626 5
931 25
205 5
994 100
82 50
906 100
862 5
348 25
685 25
467 15
769 50
504 100
813 5
157 10
836 5
467 5
887 25
421 15
343 5
832 15
161 50
324 50
575 25
369 10
176 50
448 10
234 50
323 50
425 50
336 50
805 25
406 25
34 100
96 25
316 10
729 10
508 5
27 25
141 15
154 50
841 15
383 5
808 10
803 5
540 10
633 25
946 15
729 25
374 10
837 50
833 50
961 25
880 5
997 25
203 10
435 100
951 5
495 15
234 50
537 5
27 50
983 50
912 10
243 15
724 25
349 25
170 5
112 15
919 50
592 15
504 5
597 100
613 10
761 50
974 5
431 15
122 5
285 15
772 100
65 50
382 50
327 5
786 10
400 5
429 5
22 25
826 15
306 15
364 100
703 5
452 10
659 50
332 25
497 15
566 50
883 10
333 50
882 5
197 100
250 10
909 15
87 5
171 15
401 100
10 50
435 50
559 25
855 50
590 5
3 50
115 25
473 10
725 5
203 5
102 5
122 15
326 100
153 25
195 50
30 50
717 25
951 25
392 50
571 15
655 15
211 50
84 15
454 100
579 15
478 100
747 15
583 100
148 10
388 50
897 50
43 10
352 5
677 50
255 15
973 10
769 100
416 15
287 25
310 25
756 15
65 25
556 15
636 100
617 10
238 50
548 5
620 15
73 50
259 25
906 5
792 50
561 5
902 100
249 5
645 5
171 5
911 10
997 10
292 10
281 5
164 100
879 25
167 10
172 25
607 50
55 5
525 15
194 5
301 50
17 100
700 100
265 25
215 100
706 10
395 50
774 100
622 5
516 50
452 10
165 15
194 15
108 15
884 50
775 100
197 5
215 25
115 15
714 100
357 100
858 50
699 50
839 5
289 100
661 10
989 5
130 25
595 10
166 25
497 50
6 100
987 10
358 10
939 50
397 100
57 50
793 15
195 10
611 50
554 50
30 100
680 10
302 100
282 25
272 10
859 15
85 25
981 5
409 100
897 25
614 5
799 25
882 15
681 100
143 5
241 25
37 10
699 5
910 5
671 15
908 15
529 25
865 100
763 25
592 10
900 100
548 10
503 10
654 25
590 25
183 15
596 100
229 5
635 10
273 25
410 5
742 25
584 10
250 50
797 25
446 100
807 15
985 10
435 100
166 10
68 5
208 15
515 10
966 15
872 100
135 50
928 10
626 100
318 10
854 50
283 5
138 15
442 15
276 25
384 15
625 100
294 100
695 10
26 10
362 25
235 100
258 15
229 15
840 10
189 5
902 10
262 15
25 25
849 25
557 50
78 5
260 25
58 5
655 25
23 5
467 25
871 25
265 100
933 50
593 100
26 10
385 15
974 5
458 5
814 100
209 5
853 5
445 100
586 25
408 15
245 100
699 50
391 15
728 15
570 15
767 100
472 50
460 25
465 25
844 5
620 100
581 15
571 15
71 100
616 25
614 15
507 50
535 15
256 25
510 15
127 5
917 50
689 50
106 25
440 50
960 100
64 5
947 100
791 15
168 50
720 50
546 25
184 15
436 100
414 10
357 100
840 10
515 25
305 50
28 100
375 10
503 15
717 50
733 25
187 50
774 50
884 50
627 10
939 5
41 10
188 10
734 10
237 25
449 10
617 25
807 25
869 50
908 10
440 5
971 10
215 5
64 25
329 5
201 25
709 15
597 15
416 15
924 25
435 25
770 10
40 50
306 50
251 50
406 50
145 15
24 100
37 100
714 5
587 5
562 15
931 100
642 50
836 100
360 15
679 10
687 100
807 15
325 5
439 50
329 10
805 10
546 100
683 5
529 15
828 50
238 15
30 15
945 25
725 25
222 100
142 10
817 10
919 15
498 100
45 50
675 25
720 50
704 5
477 25
312 50
436 10
513 25
142 25
685 5
785 25
276 5
964 50
681 50
345 10
454 50
728 15
915 15
32 15
634 100
701 5
988 10
829 50
206 5
103 50
889 100
283 25
964 10
548 25
451 25
474 50
212 5
807 10
52 25
480 5
169 50
514 50
975 5
540 100
706 100
678 15
115 25
437 50
745 100
105 100
946 10
813 15
845 10
113 25
931 100
420 15
793 10
127 5
804 5
539 25
240 15
41 15
386 10
57 100
686 50
447 25
879 50
939 10
372 15
96 10
803 5
85 15
867 15
212 100
997 100
808 50
410 50
507 5
377 10
426 15
305 100
27 15
358 50
696 15
919 25
183 15
125 25
96 25
87 25
581 25
183 50
169 5
967 15
516 50
849 15
444 25
658 25
241 50
628 15
651 10
120 5
382 10
629 25
228 15
204 100
97 25
472 10
356 25
840 15
859 5
330 10
14 25
683 100
966 10
70 10
788 50
770 10
142 25
627 100
420 10
991 25
849 5
78 25
341 100
416 15
167 15
55 100
678 15
787 25
354 50
449 100
462 25
727 10
454 5
571 50
40 10
452 50
566 10
193 100
912 5
64 100
636 25
146 100
506 10
693 25
880 100
411 10
598 50
68 15
214 15
863 15
394 10
297 5
289 10
102 15
495 5
920 100
9 10
49 10
234 15
525 25
631 10
228 100
141 10
493 10
825 25
914 50
495 25
652 25
290 25
563 10
228 5
908 15
813 15
218 25
651 10
151 50
855 25
798 5
757 15
974 5
54 10
455 100
69 25
24 5
239 15
426 15
291 5
25 5
834 10
51 10
237 50
774 15
750 5
889 15
781 10
660 25
139 100
94 5
820 10
522 50
623 15
502 15
478 50
865 100
851 25
71 100
50 15
772 100
510 15
638 50
422 25
35 50
148 25
130 10
945 25
318 10
419 25
690 5
21 10
397 5
619 10
364 100
866 15
792 5
622 15
298 25
207 100
315 100
580 10
607 15
895 15
365 100
8 10
347 50
670 25
998 100
99 100
261 5
562 25
84 25
404 50
235 50
685 10
102 50
226 15
628 50
387 10
362 50
345 5
909 10
12 10
725 15
937 100
276 100
761 25
101 5
804 100
174 50
379 100
293 50
274 15
912 25
666 100
972 15
381 100
766 50
51 15
848 15
200 10
286 15
712 50
331 10
442 25
699 5
979 5
226 50
663 100
604 25
21 25
283 15
727 100
380 50
31 50
628 10
356 10
970 10
432 25
392 50
902 15
994 15
802 15
89 5
695 100
338 50
544 50
530 25
578 10
660 50
512 25
342 50
501 10
491 10
93 50
376 100
280 100
848 50
483 10
571 100
886 100
539 15
148 5
56 5
879 50
583 15
695 50
564 10
849 100
431 100
659 25
433 15
976 50
897 50
931 50
763 10
76 50
991 15
821 10
530 25
745 5
68 10
996 15
695 25
455 50
974 5
776 50
615 5
735 10
120 100
527 15
316 50
784 5
641 100
147 5
412 50
128 25
94 100
874 10
735 5
201 5
347 50
905 50
970 5
948 25
590 5
575 25
842 15
812 5
660 25
65 15
669 50
738 5
77 5
903 5
320 50
28 5
494 25
716 50
877 15
187 25
471 50
1 10
565 15
108 50
755 100
882 25
742 15
213 15
488 10
98 25
991 15
414 50
20 5
718 15
640 5
8 10
260 100
306 50
230 25
866 100
724 25
535 100
759 100
535 100
727 50
495 5
732 50
108 10
372 50
156 25
331 5
987 15
290 50
761 50
251 15
884 50
270 5
107 100
5 100
699 50
244 25
966 5
739 50
112 5
273 100
139 100
874 15
20 15
473 25
864 25
117 15
175 5
57 100
584 15
634 10
637 25
914 100
306 10
455 10
910 100
406 50
36 10
395 15
864 10
299 100
34 50
43 50
815 25
22 5
873 10
636 100
379 5
656 50
548 100
847 50
951 10
351 5
107 10
803 5
929 25
84 5
564 25
876 50
58 25
933 5
63 25
53 25
480 50
303 5
545 100
931 100
380 100
768 5
397 100
640 5
329 50
463 100
823 15
249 5
687 100
201 25
937 100
447 50
681 50
732 25
793 100
553 15
20 50
832 50
867 25
165 100
167 15
143 15
702 50
981 50
623 10
936 10
733 15
611 10
835 100
226 10
505 15
419 10
603 10
916 15
787 10
698 25
86 5
894 10
317 5
730 50
779 5
260 10
161 100
539 15
73 50
107 5
937 25
369 10
251 25
530 100
373 25
210 100
57 25
801 100
959 50
902 10
169 5
864 15
664 10
640 100
220 100
596 100
964 10
910 50
210 100
500 50
671 10
164 100
431 100
758 5
294 15
797 15
264 50
819 15
928 15
205 10
471 25
946 50
906 15
989 100
827 10
406 25
700 25
608 25
223 100
216 25
812 5
20 10
597 50
634 10
648 100
120 5
303 10
807 50
599 25
26 5
785 25
265 15
833 50
510 100
665 5
181 10
529 10
125 25
621 5
569 25
540 25
835 15
648 10
851 5
725 25
191 100
582 100
468 50
443 10
355 25
993 50
460 5
936 10
528 25
813 5
191 100
602 50
581 50
309 15
644 25
385 15
932 25
266 15
960 15
784 25
982 25
496 100
157 10
200 50
653 10
35 10
185 5
628 15
828 25
632 5
767 100
924 25
751 25
412 5
681 10
131 10
678 15
808 15
422 50
612 50
340 5
136 25
412 50
972 10
12 5
425 5
188 25
6 5
237 15
358 15
244 25
168 10
514 5
449 5
450 15
292 10
496 50
810 5
224 5
558 50
492 5
122 50
887 25
941 10
341 25
681 50
874 100
625 50
942 5
625 100
721 5
133 50
997 25
703 100
14 5
145 50
768 100
208 100
724 50
259 5
905 5
935 15
591 50
168 25
631 100
267 10
505 25
7 15
845 10
769 100
37 50
837 10
951 10
886 15
563 25
533 50
441 15
626 50
645 15
533 5
558 100
328 25
605 50
210 15
570 10
876 10
460 5
850 50
473 50
992 50
643 15
460 10
159 25
448 10
198 15
914 50
352 5
323 50
353 5
168 25
880 10
664 10
675 10
520 100
57 10
172 25
204 5
179 50
243 25
763 100
264 25
607 25
884 5
128 50
861 50
380 50
571 5
649 15
862 100
568 10
929 5
292 25
354 5
853 15
385 100
331 10
888 100
888 25
104 10
20 10
515 15
625 10
672 100
581 5
792 5
613 15
289 5
114 10
192 10
488 10
556 25
294 100
585 5
157 5
138 100
975 100
722 10
408 25
856 10
52 5
892 100
934 10
22 5
211 5
184 5
13 50
43 10
406 25
21 25
327 5
622 100
205 10
910 5
663 100
89 50
349 50
553 10
484 5
665 50
137 50
779 5
603 15
716 50
513 25
950 5
455 100
299 10
961 100
771 50
699 25
533 10
561 50
687 5
149 100
624 25
846 10
289 50
254 25
569 5
290 25
397 15
636 25
856 25
569 5
761 50
406 10
704 50
940 100
541 15
266 10
642 50
362 15
2 10
610 100
489 15
214 5
94 10
137 50
17 25
728 10
847 15
700 15
868 15
500 100
752 10
381 100
508 15
696 5
560 5
35 5
286 10
803 50
162 10
788 100
881 50
53 10
502 5
226 15
700 25
881 25
662 25
264 15
30 100
16 25
580 10
942 25
976 10
93 25
51 50
616 5
516 50
872 10
954 25
306 5
188 100
449 50
871 25
173 50
246 10
67 25
525 15
365 10
305 10
372 50
717 25
735 5
798 15
262 100
683 5
145 10
780 10
658 15
53 10
362 10
891 25
835 25
828 50
787 50
526 100
158 10
62 25
484 100
502 5
351 10
165 25
271 50
793 25
652 25
9 5
850 10
117 100
475 15
261 50
212 15
433 25
437 10
619 10
812 50
644 100
859 10
876 50
246 100
65 15
123 100
985 25
429 5
452 50
472 50
561 15
493 100
634 5
136 25
483 5
918 10
69 15
892 25
530 100
608 25
858 100
420 5
222 50
927 25
19 15
61 100
297 25
907 50
81 100
860 50
496 50
140 15
297 5
985 15
583 100
77 100
10 25
900 5
773 10
723 25
3 25
900 10
997 25
976 100
852 25
873 50
686 15
90 15
607 50
396 15
979 50
1 5
341 10
539 10
559 5
509 100
366 50
987 100
518 50
549 100
171 100
328 15
944 25
40 50
383 25
652 15
142 50
57 25
304 25
789 25
680 100
301 5
812 5
825 25
668 100
122 25
694 15
749 10
968 100
567 15
704 50
342 50
231 15
205 50
889 10
678 15
973 5
705 15
3 50
848 5
78 5
416 5
36 100
762 50
438 5
433 15
181 5
159 100
631 25
883 5
777 100
176 50
823 10
424 5
25 25
84 5
324 5
200 25
544 15
77 25
459 25
726 10
55 10
198 100
702 25
459 100
743 25
792 100
224 5
28 25
105 100
79 15
299 25
367 10
333 25
720 50
239 100
248 50
530 10
495 100
776 25
934 50
308 5
438 15
83 5
960 100
575 15
59 25
837 50
260 25
559 15
514 15
27 100
151 5
370 5
825 5
406 100
888 10
645 100
530 100
786 15
805 5
89 50
357 50
582 25
249 5
949 25
808 15
296 50
827 50
736 50
744 5
858 50
683 25
731 25
347 15
4 50
796 15
88 5
77 15
112 50
549 5
578 100
464 5
181 100
45 100
277 25
882 10
865 100
910 50
747 25
640 50
754 10
582 15
517 50
12 50
311 10
304 15
901 100
81 25
158 5
336 10
474 10
491 25
618 15
95 25
739 25
481 25
707 50
238 15
789 5
819 50
991 100
908 10
26 15
486 10
983 25
635 50
229 5
234 100
15 50
643 100
513 15
377 10
749 100
530 15
2 100
430 10
761 15
577 50
248 10
454 5
875 50
165 10
703 10
231 100
161 10
41 50
794 10
623 100
790 50
424 10
407 10
727 15
156 10
183 50
823 15
699 15
950 15
578 10
411 5
356 15
111 15
310 50
626 25
909 15
825 100
852 5
118 5
459 25
2 15
318 25
998 100
103 5
907 25
338 15
562 10
775 10
869 5
700 25
29 25
176 15
240 25
724 15
84 5
409 15
42 50
631 50
288 15
192 10
962 100
366 10
647 15
744 50
635 50
646 5
898 5
722 10
376 5
189 15
301 15
818 15
807 10
392 15
7 100
877 10
32 10
920 50
284 50
652 15
300 15
964 10
158 100
561 15
334 50
150 25
279 10
46 25
738 15
326 100
45 5
425 10
168 15
736 25
305 10
316 15
199 5
305 50
170 100
26 25
40 5
25 10
758 5
501 100
558 25
682 15
895 10
699 50
246 10
418 50
98 5
521 5
99 25
850 50
381 25
629 100
549 15
760 100
674 50
797 25
894 15
564 25
932 100
637 100
892 50
71 100
201 25
820 15
455 25
266 50
226 25
165 100
609 100
94 5
375 50
184 50
151 50
500 25
943 10
978 15
675 100
193 100
138 25
573 10
901 15
901 50
287 15
66 10
466 5
68 25
84 10
207 5
630 15
271 15
904 15
253 25
538 15
811 10
512 25
242 5
999 10
237 10
692 10
16 100
930 15
789 25
619 25
632 25
904 15
987 100
7 25
9 100
482 15
866 100
346 10
938 50
239 50
592 15
767 100
798 100
677 100
445 100
357 50
611 25
438 50
409 100
942 100
294 5
500 10
856 15
674 100
211 10
280 50
65 100
945 15
404 5
816 5
564 10
448 10
103 100
462 5
526 10
420 100
384 5
766 50
719 25
381 15
95 100
451 10
741 25
914 15
395 50
692 15
529 50
286 10
542 5
93 25
380 15
957 100
773 10
65 5
973 25
295 100
403 15
500 5
139 50
23 100
502 50
950 100
341 15
216 25
757 10
705 50
141 5
898 5
396 50
477 25
106 25
526 100
272 50
586 10
911 10
933 100
485 15
843 100
631 25
511 5
138 100
555 50
434 25
697 5
113 50
318 50
206 50
58 15
952 5
528 100
797 50
523 5
239 50
791 15
920 100
578 10
60 15
652 50
912 100
447 15
444 15
317 50
858 50
589 15
857 50
306 25
819 10
44 25
151 10
193 100
138 100
430 25
547 10
878 10
79 100
655 100
545 50
54 5
275 50
626 15
853 25
802 5
735 100
516 15
706 10
483 50
381 15
398 100
192 50
366 15
371 100
272 5
443 25
646 10
690 25
817 50
803 15
800 25
739 50
391 100
343 15
442 25
925 25
100 25
330 50
115 10
477 25
972 10
518 10
678 5
989 25
552 15
366 25
233 25
409 50
448 100
564 5
757 25
491 10
654 100
452 5
867 10
917 100
679 25
229 5
391 10
604 10
795 15
34 5
682 25
910 10
949 15
285 15
831 25
755 100
146 50
876 5
225 10
863 10
347 5
104 15
115 25
647 50
182 25
430 25
119 10
444 25
46 10
448 25
841 10
112 10
346 50
665 5
30 15
219 100
984 15
962 50
952 50
300 10
357 50
850 5
905 100
945 25
427 25
875 25
49 50
690 15
669 100
798 50
978 15
941 10
937 10
404 10
714 15
449 15
564 10
60 15
42 50
39 25
228 50
375 25
362 15
608 5
399 50
587 10
496 15
619 15
417 25
537 5
106 15
578 25
490 5
336 15
662 100
233 50
177 10
98 50
141 50
495 10
147 50
346 100
863 25
296 50
274 25
958 15
157 25
899 10
351 15
761 25
781 5
375 50
5 50
148 100
259 15
247 50
573 50
313 100
579 100
546 25
30 25
986 15
913 5
748 15
240 15
766 15
292 5
346 100
97 15
430 25
413 25
44 15
347 100
813 25
992 10
798 50
158 10
143 15
362 10
213 100
711 10
928 15
215 25
18 50
392 25
765 25
681 15
610 10
368 25
683 50
167 5
913 25
605 50
887 10
627 15
32 100
622 15
11 100
191 50
448 100
541 25
241 10
337 10
727 10
228 10
936 50
9 5
7 50
575 10
589 10
393 50
723 15
228 10
258 100
232 15
330 5
308 10
823 50
901 10
998 5
928 25
686 5
635 15
530 10
555 10
770 50
596 100
976 25
520 50
941 15
714 50
698 15
224 50
207 25
460 100
858 50
847 5
309 100
995 50
585 10
595 25
578 50
360 10
287 10
815 15
151 15
629 5
870 50
490 10
926 10
216 5
838 5
951 100
870 10
746 10
508 100
836 100
523 15
175 5
849 50
599 100
840 25
81 15
657 15
128 15
711 25
308 50
77 100
266 50
785 10
373 10
694 25
284 25
454 15
334 15
690 50
615 10
119 25
29 100
805 50
391 10
91 100
858 15
87 10
591 10
745 50
560 100
666 100
847 15
796 100
623 100
56 5
207 100
802 10
287 10
699 10
407 5
253 15
293 10
760 50
462 25
882 10
815 10
409 10
606 100
27 15
247 100
55 100
909 10
194 5
774 25
312 25
92 5
150 25
896 25
640 25
369 50
190 10
339 100
936 15
345 5
412 15
20 50
540 5
285 100
143 5
6 100
407 100
295 100
855 50
620 15
424 5
224 10
192 10
149 50
120 5
331 5
982 15
798 15
249 50
22 50
329 100
844 25
987 25
207 10
165 100
146 10
736 50
75 15
860 5
453 15
768 50
342 5
768 10
165 25
190 25
270 25
809 25
494 50
991 50
12 15
465 15
193 50
133 50
70 10
785 5
267 50
943 10
942 50
281 100
364 25
284 50
232 5
810 50
753 50
250 50
789 5
826 10
76 10
367 25
677 5
594 15
290 15
541 15
16 15
244 5
486 100
247 5
4 5
776 15
504 25
685 5
668 10
367 100
519 25
903 10
145 50
618 100
26 100
119 15
540 10
574 100
901 50
730 5
670 50
658 10
464 50
754 25
234 10
861 5
710 10
677 25
226 25
816 25
155 10
965 25
618 15
612 50
945 25
709 25
637 100
462 15
182 15
158 100
175 50
587 50
616 15
112 10
133 50
937 50
158 10
427 25
751 10
604 5
854 5
118 5
232 100
38 5
286 15
787 25
192 10
441 5
538 10
376 10
763 5
946 15
184 100
488 15
375 15
435 100
947 100
741 10
537 5
129 15
979 100
920 25
146 10
293 10
922 50
902 5
158 50
687 5
176 100
589 50
632 100
610 25
62 10
346 5
483 5
663 100
789 25
680 50
468 100
590 50
420 15
143 100
224 100
805 50
244 10
704 50
401 15
481 50
240 5
75 10
192 100
294 25
559 15
727 15
806 15
212 50
197 5
589 5
694 10
916 15
282 25
671 100
577 10
735 25
662 5
84 25
564 25
202 10
704 100
214 15
932 50
583 25
492 100
30 50
347 100
21 25
844 5
758 10
598 5
123 5
829 5
423 5
122 100
130 100
700 10
986 25
896 50
25 100
429 15
66 10
471 100
182 50
267 10
497 25
223 50
437 5
0 25
184 50
98 15
685 15
834 10
27 10
425 50
363 10
73 50
873 100
580 25
434 15
39 10
752 50
563 100
749 5
877 100
879 15
779 100
877 25
202 15
165 100
581 5
782 100
744 50
212 25
380 10
959 25
424 25
49 100
358 10
887 25
534 50
85 10
94 100
913 5
955 100
18 100
662 25
937 10
572 15
694 100
985 10
504 5
334 10
150 10
501 15
168 5
611 25
326 10
457 100
243 5
796 10
197 5
356 15
304 25
311 5
295 100
380 25
46 15
451 25
877 50
824 15
381 10
740 100
216 15
857 10
856 5
728 5
754 100
143 15
790 100
394 5
112 100
142 15
717 25
596 15
189 100
121 25
15 10
234 50
843 10
198 100
817 15
48 25
885 100
950 25
588 100
246 100
381 100
402 100
969 5
357 25
504 15
427 50
744 25
19 5
407 25
891 10
67 100
600 100
876 15
55 50
286 5
843 100
741 10
61 15
992 10
955 10
279 100
549 100
157 25
823 15
110 50
697 15
468 10
265 25
310 5
236 100
219 15
520 25
741 25
259 10
387 10
371 100
832 5
842 25
738 10
604 10
292 5
810 100
88 15
714 15
508 5
180 100
79 10
33 25
607 100
86 100
83 5
713 50
416 15
235 50
101 100
242 15
817 5
208 25
756 50
402 25
238 100
133 50
769 15
865 15
254 50
550 5
505 5
844 15
547 10
516 15
467 10
466 25
715 15
237 10
849 25
814 100
659 10
803 10
514 15
791 25
547 15
797 5
993 50
249 100
580 5
853 100
398 15
45 100
66 10
454 10
339 50
967 50
525 10
516 100
210 15
682 10
815 50
568 50
471 15
159 100
529 100
579 10
781 15
219 5
140 50
717 50
84 5
151 5
632 100
615 10
37 15
567 5
615 25
924 25
370 15
925 25
149 5
214 50
53 25
384 50
782 5
528 5
374 10
930 10
522 25
119 10
313 5
944 25
741 100
203 50
791 25
637 100
255 5
748 5
687 15
27 50
54 5
619 100
728 25
388 5
429 10
621 15
601 10
335 15
492 50
245 10
925 5
996 10
302 100
168 50
925 15
912 5
116 5
801 50
930 5
626 25
484 50
445 50
63 100
102 10
179 15
851 25
727 50
439 15
206 50
234 100
753 10
512 50
372 100
45 50
330 15
509 50
159 15
46 25
70 10
502 15
892 50
500 5
828 100
509 10
423 15
511 10
140 100
694 5
850 5
830 10
386 15
663 100
974 10
668 10
57 100
998 5
509 50
318 100
710 15
477 25
273 5
646 5
512 100
656 25
847 100
733 50
458 5
724 5
442 5
242 25
628 15
816 100
964 15
291 50
120 15
216 5
513 5
894 10
492 50
109 50
809 15
265 50
848 5
830 15
271 5
543 100
914 100
761 100
753 50
731 25
742 50
319 50
166 10
900 15
873 100
713 15
475 15
967 25
101 10
375 15
816 5
593 15
182 100
269 25
702 100
992 50
117 15
477 15
591 15
724 10
855 5
759 10
262 15
750 10
543 5
999 25
775 10
311 25
684 50
722 25
979 15
438 5
806 15
95 10
814 10
124 10
523 10
108 50
900 10
482 10
80 10
842 25
144 100
421 10
772 15
4 50
352 25
654 15
818 25
167 100
100 10
77 10
581 50
373 100
328 50
834 100
237 5
34 15
413 10
603 15
249 15
315 15
709 5
918 15
269 50
401 10
779 10
565 50
334 100
352 10
821 100
368 10
455 10
449 10
20 5
896 5
975 100
225 25
815 5
911 5
309 10
584 15
320 5
598 100
915 5
715 15
387 10
877 10
633 15
697 5
48 100
350 10
730 5
986 5
326 100
687 100
287 10
210 10
657 25
495 25
772 5
940 15
398 5
979 15
924 10
373 10
175 50
934 10
312 100
96 5
54 10
886 100
171 100
350 50
766 50
411 10
395 15
492 10
482 10
954 15
779 15
555 5
879 25
686 25
898 15
99 25
477 5
203 5
217 50
774 15
485 15
115 50
300 100
262 5
658 25
837 10
238 100
547 15
883 15
114 15
652 100
654 50
503 100
99 15
887 50
323 5
598 50
22 5
261 100
253 10
726 15
761 50
477 10
882 10
857 25
856 50
576 50
840 10
482 5
773 5
19 50
531 100
150 25
466 15
787 100
510 100
903 25
543 50
602 50
566 25
368 15
576 15
622 15
714 10
470 50
371 10
244 50
500 15
29 100
231 25
860 25
306 50
711 100
526 100
689 5
573 25
81 5
123 15
45 5
124 25
740 100
460 100
661 25
16 5
790 25
330 5
912 10
579 25
115 5
675 5
82 10
596 15
209 50
931 5
12 15
769 25
545 25
733 5
745 100
925 25
728 25
31 5
55 50
614 5
911 5
909 5
938 100
42 15
211 50
672 5
454 10
506 100
133 5
987 25
529 10
758 15
207 5
139 50
570 100
979 100
361 25
702 100
14 5
279 5
747 5
164 50
178 100
907 50
5 5
329 5
11 50
595 100
229 25
521 10
628 100
709 100
87 15
913 50
720 100
135 100
872 5
518 100
220 25
78 5
435 50
646 25
832 50
195 15
266 25
884 5
281 100
738 100
202 25
886 50
406 5
640 5
492 15
546 5
453 50
708 10
224 10
323 25
189 100
364 15
333 10
806 25
687 10
591 10
700 10
787 50
909 100
30 15
60 5
411 15
442 100
385 100
718 10
203 50
8 10
577 50
309 100
14 15
595 10
310 100
96 50
192 100
347 25
990 15
529 100
534 15
552 50
154 100
71 50
808 5
358 25
851 15
519 5
909 5
73 5
643 15
310 25
933 100
161 25
150 15
549 10
743 100
302 10
325 25
756 50
803 50
127 50
869 10
555 50
349 10
495 15
478 100
807 5
187 25
412 100
836 100
922 15
681 25
974 5
535 5
327 15
710 5
935 10
348 5
350 15
673 15
767 15
529 50
985 15
816 5
323 10
64 15
297 5
455 15
470 15
57 25
434 50
878 100
305 5
664 100
507 5
983 10
810 15
266 50
811 10
956 5
71 50
787 5
123 25
543 50
416 100
357 50
82 25
694 50
82 10
724 15
874 50
669 50
294 15
105 50
709 25
864 50
837 10
394 50
850 5
943 5
517 25
906 100
151 5
53 5
102 15
84 15
363 100
191 5
615 25
839 5
700 25
1 15
92 100
457 50
378 25
580 50
170 15
243 15
148 15
71 100
111 50
329 50
35 50
103 25
130 15
324 100
786 10
379 10
148 5
724 50
755 25
960 10
314 10
274 100
230 5
52 50
933 15
687 50
417 15
335 5
638 5
413 25
590 100
148 15
947 10
374 50
131 50
69 5
539 5
845 5
460 10
704 100
891 100
907 10
81 10
721 50
111 15
142 50
245 50
440 25
109 10
505 25
957 100
530 15
443 10
540 15
322 25
604 100
473 50
376 10
468 15
772 5
672 10
161 100
528 100
457 100
221 100
887 10
433 25
5 10
236 15
748 10
485 15
914 5
254 100
495 25
963 25
714 50
834 50
424 50
251 5
814 15
388 100
957 5
212 5
849 15
600 15
970 50
813 50
348 10
64 5
301 25
223 5
757 50
975 10
119 25
897 100
126 25
18 15
69 100
347 25
11 15
793 100
376 25
628 15
387 5
403 15
335 10
749 100
629 10
70 50
853 15
508 5
855 100
874 25
985 5
492 10
191 5
4 100
621 15
228 15
743 50
119 15
769 15
710 5
351 50
677 25
90 5
822 5
396 100
363 100
627 10
354 5
240 15
965 10
898 50
640 100
79 10
316 50
775 10
24 100
268 15
163 25
831 15
662 5
418 100
83 10
73 10
389 100
817 50
802 15
251 25
641 15
972 10
531 15
149 25
677 10
327 15
189 100
553 5
576 5
459 10
614 5
805 10
758 100
287 5
142 5
134 50
18 100
126 50
151 25
181 10
302 10
603 5
440 5
390 15
716 15
760 100
565 10
201 50
522 10
879 50
474 10
221 10
80 10
845 100
79 10
778 10
2 50
79 50
608 100
569 25
988 50
363 50
865 100
291 5
96 15
89 5
749 5
463 25
420 15
743 5
656 15
837 10
426 100
674 50
620 50
95 50
428 50
447 25
309 15
746 5
946 25
329 25
242 25
403 25
931 25
712 15
830 25
867 25
97 5
523 50
123 25
686 100
849 5
921 10
353 50
127 5
542 10
836 25
655 100
729 5
65 25
137 25
574 100
857 10
982 50
500 5
214 15
954 100
721 100
264 50
152 15
386 100
555 15
822 100
474 10
87 10
347 100
364 10
553 50
406 100
319 15
6 15
421 5
845 15
316 10
614 25
862 100
609 50
311 100
876 10
578 50
143 15
139 10
411 5
47 15
88 15
695 10
985 50
936 5
320 50
89 15
115 15
180 50
14 15
489 50
622 50
92 25
887 50
652 25
941 100
118 15
76 5
370 100
214 100
95 100
290 25
320 50
499 15
136 15
198 10
70 100
619 10
495 50
197 10
207 100
470 100
26 100
16 25
848 50
822 50
108 50
801 10
2 100
934 25
140 50
635 50
541 100
514 50
976 100
646 100
750 15
838 100
904 50
147 25
707 50
75 50
45 50
469 50
974 5
112 100
276 5
423 50
341 100
446 50
42 5
563 10
614 25
925 100
673 50
674 15
675 50
401 10
64 10
163 5
314 10
591 15
844 100
280 10
563 10
702 10
373 100
342 100
529 25
613 100
210 100
390 10
949 10
668 100
893 50
941 15
973 5
382 15
154 15
791 5
907 5
615 5
926 25
3 15
891 5
5 10
770 50
547 100
777 25
714 15
561 5
237 25
667 50
795 50
572 15
907 5
873 100
723 15
299 10
998 50
268 100
890 5
654 25
981 5
279 10
126 5
382 5
289 5
9 25
528 15
813 50
690 5
220 5
166 100
328 50
275 100
166 5
458 10
127 25
480 15
524 25
265 100
181 10
828 50
902 15
5 100
485 25
311 100
659 100
346 25
952 50
583 10
42 100
267 100
585 50
409 10
855 5
547 50
783 5
15 5
171 5
971 50
880 100
296 5
807 5
826 100
311 15
37 10
565 25
459 100
982 25
582 100
463 100
970 10
738 5
620 100
457 100
331 50
25 10
27 10
387 15
485 5
111 25
923 15
131 10
224 5
487 50
381 25
213 25
894 15
306 25
458 5
351 5
240 100
967 50
482 100
676 25
920 10
223 15
758 50
623 5
517 25
414 10
132 10
722 5
68 100
686 50
77 5
782 25
444 10
324 15
238 10
207 15
101 25
547 25
602 10
424 100
24 15
384 100
726 25
677 25
909 25
501 15
690 15
656 25
874 50
77 25
718 5
720 50
273 50
109 5
617 15
685 15
379 25
747 15
488 10
418 100
27 100
525 5
359 10
740 10
482 50
612 5
683 100
360 50
109 25
428 5
875 10
827 5
627 25
248 15
306 15
758 5
10 5
668 15
430 15
807 50
335 10
16 25
984 10
128 10
116 50
112 10
418 5
316 5
940 10
952 5
993 15
62 25
447 15
204 50
219 10
15 15
954 50
619 15
558 50
582 15
285 50
724 25
568 15
667 15
588 50
406 100
919 25
570 50
207 10
259 5
945 25
551 5
908 100
792 15
673 25
786 25
997 100
881 15
487 100
708 5
146 10
62 50
877 100
970 5
969 5
533 15
916 50
516 10
649 25
985 15
427 100
513 100
173 100
616 10
987 15
98 25
969 25
944 5
206 15
227 100
0 5
289 25
961 10
64 10
609 50
26 25
496 50
688 50
681 25
978 25
587 5
83 15
901 50
569 100
167 5
659 100
181 15
583 25
117 10
788 15
538 5
663 5
129 50
100 50
987 50
898 50
825 15
513 50
245 15
114 15
558 10
257 25
290 10
741 100
563 25
360 15
95 100
357 5
393 100
339 100
61 15
284 25
818 10
101 100
974 25
836 15
594 100
265 100
524 15
96 25
804 10
414 5
687 50
329 25
678 10
7 50
525 5
388 50
68 5
941 10
205 5
741 25
21 50
3 50
284 5
968 10
108 50
691 50
564 50
849 50
434 5
161 5
62 15
404 15
525 50
266 50
905 25
502 10
496 50
942 50
198 15
893 15
184 5
422 25
157 25
785 100
175 10
19 100
66 50
331 25
897 100
462 25
865 5
630 100
203 50
30 50
402 15
106 100
126 5
964 50
668 50
394 100
726 25
903 100
547 10
75 10
206 10
332 10
911 25
888 100
727 15
268 25
68 50
273 100
589 25
692 50
913 10
367 50
715 15
448 15
284 15
808 5
602 50
607 15
370 10
968 15
179 5
534 25
182 100
474 15
230 5
135 100
412 50
122 50
324 25
44 15
227 5
571 100
418 25
711 15
791 10
403 15
563 100
657 50
571 5
429 50
388 50
364 100
729 5
350 50
286 5
540 15
151 10
137 100
482 25
769 5
902 10
738 50
400 100
746 10
184 5
985 15
20 10
626 25
66 10
806 25
131 15
197 100
560 50
109 25
678 25
875 25
835 15
949 10
604 15
759 15
620 15
845 25
888 15
239 25
98 25
357 100
684 50
883 15
841 50
286 100
753 50
603 10
585 100
115 10
597 25
337 10
904 15
550 50
989 5
724 15
70 10
269 50
810 15
524 15
665 50
258 25
378 15
769 5
729 50
332 15
687 15
871 10
516 25
710 10
245 100
193 25
133 10
760 50
413 5
808 25
641 5
274 50
456 15
441 50
392 50
883 10
687 15
829 25
671 25
485 50
431 10
989 5
938 100
787 15
684 50
131 50
223 100
341 50
683 100
209 5
461 25
661 15
789 50
337 10
846 100
317 5
367 50
574 25
476 5
93 100
595 5
801 5
855 25
582 10
359 10
691 100
51 25
833 10
682 5
997 5
559 15
915 100
347 10
664 50
167 25
500 25
649 100
484 15
385 50
843 15
445 10
296 100
225 50
761 25
930 5
964 50
397 50
477 50
824 50
617 100
204 5
453 50
874 5
907 5
709 25
553 100
871 100
244 50
953 10
172 50
591 5
274 10
293 50
184 100
349 50
75 15
140 5
814 10
74 10
808 100
679 15
821 25
100 50
818 5
333 10
576 100
87 15
418 100
56 100
919 15
750 100
845 50
735 10
908 100
323 25
135 100
258 15
804 100
937 5
885 25
55 10
932 5
330 25
164 100
151 50
258 50
569 25
43 25
37 10
811 15
712 100
498 15
917 15
304 15
585 25
655 50
116 15
574 10
92 25
636 100
722 50
698 50
749 50
477 10
734 10
902 10
349 25
867 10
294 50
630 50
956 5
695 5
789 10
372 25
627 10
640 25
876 15
135 15
563 5
286 15
736 10
652 25
604 10
523 50
95 100
703 5
234 100
191 10
833 15
157 10
543 25
233 50
208 15
602 15
806 50
831 10
21 50
667 15
604 25
259 25
250 15
410 5
